sampleID POP K1 K2 K3 K4 K5
HG00096 EUR 1e-05 0.000287 1e-05 0.999683 1e-05
HG00097 EUR 1e-05 0.011533 1e-05 0.988437 1e-05
HG00099 EUR 1e-05 1e-05 1e-05 0.99996 1e-05
HG00100 EUR 1e-05 1e-05 1e-05 0.99996 1e-05
HG00101 EUR 1e-05 0.010883 1e-05 0.989087 1e-05
HG00102 EUR 1e-05 0.011577 1e-05 0.988393 1e-05
HG00103 EUR 1e-05 1.2e-05 1e-05 0.999958 1e-05
HG00105 EUR 1.2e-05 0.007876 1e-05 0.992092 1e-05
HG00106 EUR 1e-05 0.023303 1e-05 0.976667 1e-05
HG00107 EUR 1e-05 0.001097 1e-05 0.998873 1e-05
HG00108 EUR 1e-05 0.010622 1.8e-05 0.989339 1e-05
HG00109 EUR 1e-05 0.003952 1e-05 0.996018 1e-05
HG00110 EUR 1e-05 0.011866 1e-05 0.988104 1e-05
HG00111 EUR 1e-05 0.013996 1e-05 0.985974 1e-05
HG00112 EUR 1e-05 0.007705 1e-05 0.992265 1e-05
HG00113 EUR 1e-05 0.011297 1e-05 0.988673 1e-05
HG00114 EUR 1e-05 0.012347 1e-05 0.987623 1e-05
HG00115 EUR 1e-05 0.026344 1e-05 0.973626 1e-05
HG00116 EUR 1e-05 1e-05 1e-05 0.99996 1e-05
HG00117 EUR 1e-05 0.002868 1e-05 0.997102 1e-05
HG00118 EUR 1e-05 0.001811 1e-05 0.998159 1e-05
HG00119 EUR 1e-05 0.004601 1e-05 0.995369 1e-05
HG00120 EUR 1e-05 1e-05 1e-05 0.99996 1e-05
HG00121 EUR 1e-05 0.008819 1e-05 0.991151 1e-05
HG00122 EUR 1e-05 0.012093 1e-05 0.987877 1e-05
HG00123 EUR 1e-05 0.000705 1e-05 0.999265 1e-05
HG00125 EUR 1e-05 0.004735 1e-05 0.995235 1e-05
HG00126 EUR 1e-05 0.010528 1e-05 0.989442 1e-05
HG00127 EUR 1e-05 0.009744 1e-05 0.990226 1e-05
HG00128 EUR 1e-05 0.006028 1e-05 0.993942 1e-05
HG00129 EUR 1e-05 0.003498 1e-05 0.996472 1e-05
HG00130 EUR 1e-05 0.012069 1e-05 0.987901 1e-05
HG00131 EUR 1e-05 0.019272 1e-05 0.980698 1e-05
HG00132 EUR 1e-05 0.016021 1e-05 0.983948 1e-05
HG00133 EUR 1e-05 0.020671 1e-05 0.979299 1e-05
HG00136 EUR 1e-05 0.012517 1e-05 0.987453 1e-05
HG00137 EUR 1e-05 0.012162 1e-05 0.987808 1e-05
HG00138 EUR 1e-05 0.00626 1e-05 0.99371 1e-05
HG00139 EUR 1e-05 1e-05 1e-05 0.99996 1e-05
HG00140 EUR 1e-05 0.010677 1e-05 0.989293 1e-05
HG00141 EUR 1e-05 0.003211 1e-05 0.996759 1e-05
HG00142 EUR 1.4e-05 0.023925 1e-05 0.976041 1e-05
HG00143 EUR 1.5e-05 0.008484 1e-05 0.99148 1e-05
HG00145 EUR 1e-05 0.019301 1e-05 0.980669 1e-05
HG00146 EUR 1e-05 1.3e-05 1e-05 0.999957 1e-05
HG00148 EUR 1e-05 0.009477 1.2e-05 0.990492 1e-05
HG00149 EUR 1e-05 1e-05 1e-05 0.99996 1e-05
HG00150 EUR 1e-05 0.021391 1e-05 0.978579 1e-05
HG00151 EUR 1e-05 0.018666 1e-05 0.981304 1e-05
HG00154 EUR 1e-05 1.1e-05 1e-05 0.999959 1e-05
HG00155 EUR 1.8e-05 0.014473 1e-05 0.985489 1e-05
HG00157 EUR 1e-05 1e-05 1e-05 0.99996 1e-05
HG00158 EUR 1e-05 0.004973 1e-05 0.994997 1e-05
HG00159 EUR 1e-05 0.00292 1e-05 0.99705 1e-05
HG00160 EUR 1e-05 0.001827 1e-05 0.998143 1e-05
HG00171 EUR 0.060819 1e-05 0.025866 0.913295 1e-05
HG00173 EUR 0.047645 0.006159 0.020686 0.9255 1e-05
HG00174 EUR 0.044768 0.001232 0.001736 0.952254 1e-05
HG00176 EUR 0.066829 0.005415 0.02262 0.905126 1e-05
HG00177 EUR 0.072059 1.2e-05 0.020833 0.907086 1e-05
HG00178 EUR 0.052912 1e-05 0.024967 0.9221 1e-05
HG00179 EUR 0.063366 0.01398 0.01903 0.903614 1e-05
HG00180 EUR 0.062194 0.004263 0.019184 0.914349 1e-05
HG00181 EUR 0.050071 0.027741 0.013738 0.908439 1e-05
HG00182 EUR 0.050399 0.02104 0.028927 0.899624 1e-05
HG00183 EUR 0.058958 0.023901 0.012333 0.904798 1e-05
HG00185 EUR 0.067995 0.014999 0.017974 0.899022 1e-05
HG00186 EUR 0.058386 0.000669 0.020212 0.920724 1e-05
HG00187 EUR 0.072101 1e-05 0.030845 0.897034 1e-05
HG00188 EUR 0.057229 1.2e-05 0.010552 0.932197 1e-05
HG00189 EUR 0.056114 1e-05 0.014901 0.928965 1e-05
HG00190 EUR 0.049899 0.01843 0.012314 0.919347 1e-05
HG00231 EUR 3e-05 0.015097 1e-05 0.984853 1e-05
HG00232 EUR 1e-05 0.003331 1e-05 0.996639 1e-05
HG00233 EUR 1e-05 0.014635 1.5e-05 0.985329 1e-05
HG00234 EUR 1e-05 0.011344 1e-05 0.988626 1e-05
HG00235 EUR 1e-05 0.01349 1e-05 0.98648 1e-05
HG00236 EUR 1e-05 0.007301 1e-05 0.992669 1e-05
HG00237 EUR 1e-05 0.019023 1e-05 0.980947 1e-05
HG00238 EUR 1e-05 0.023289 1e-05 0.976681 1e-05
HG00239 EUR 1e-05 1.3e-05 1e-05 0.999957 1e-05
HG00240 EUR 1e-05 0.014575 1e-05 0.985395 1e-05
HG00242 EUR 1e-05 0.004911 1.3e-05 0.995056 1e-05
HG00243 EUR 1e-05 0.008939 1e-05 0.991031 1e-05
HG00244 EUR 1e-05 1.2e-05 1e-05 0.999958 1e-05
HG00245 EUR 1e-05 0.016506 1e-05 0.983464 1e-05
HG00246 EUR 1e-05 0.024403 1e-05 0.975567 1e-05
HG00250 EUR 1e-05 0.019736 1e-05 0.980234 1e-05
HG00251 EUR 1e-05 0.005944 1e-05 0.994026 1e-05
HG00252 EUR 1e-05 0.015828 1e-05 0.984142 1e-05
HG00253 EUR 1e-05 1e-05 1e-05 0.99996 1e-05
HG00254 EUR 1e-05 0.01386 1e-05 0.98611 1e-05
HG00255 EUR 1e-05 0.022846 1e-05 0.977124 1e-05
HG00256 EUR 1e-05 0.00445 1e-05 0.99552 1e-05
HG00257 EUR 1e-05 0.008744 1e-05 0.991226 1e-05
HG00258 EUR 1e-05 0.000345 1e-05 0.999625 1e-05
HG00259 EUR 1e-05 0.006063 1e-05 0.993907 1e-05
HG00260 EUR 1e-05 1e-05 1e-05 0.99996 1e-05
HG00261 EUR 1e-05 0.010677 1e-05 0.989293 1e-05
HG00262 EUR 1e-05 0.003017 1e-05 0.996953 1e-05
HG00263 EUR 1e-05 0.003591 1e-05 0.996379 1e-05
HG00264 EUR 1e-05 0.008963 1e-05 0.991007 1e-05
HG00265 EUR 1e-05 0.004704 1e-05 0.995266 1e-05
HG00266 EUR 0.066851 1e-05 0.011779 0.92135 1e-05
HG00267 EUR 0.071888 1.2e-05 0.018722 0.909368 1e-05
HG00268 EUR 0.04559 0.002331 0.013736 0.938332 1e-05
HG00269 EUR 0.055598 0.016627 0.013127 0.914638 1e-05
HG00271 EUR 0.079016 0.011322 0.02296 0.886692 1e-05
HG00272 EUR 0.073554 0.01933 0.022765 0.884342 1e-05
HG00273 EUR 0.054335 1.2e-05 0.011576 0.934066 1e-05
HG00274 EUR 0.052725 1.2e-05 0.018091 0.929162 1e-05
HG00275 EUR 0.048556 1.2e-05 0.018863 0.932559 1e-05
HG00276 EUR 0.050902 0.01899 0.02286 0.907238 1e-05
HG00277 EUR 0.032025 0.0015 0.014392 0.952073 1e-05
HG00278 EUR 0.061275 0.007385 0.018183 0.913148 1e-05
HG00280 EUR 0.06684 1e-05 0.00305 0.93009 1e-05
HG00281 EUR 0.057288 0.011996 0.012437 0.918268 1e-05
HG00282 EUR 0.065218 1e-05 0.008628 0.926134 1e-05
HG00284 EUR 0.045105 0.007169 0.016936 0.93078 1e-05
HG00285 EUR 0.067904 0.007479 0.027509 0.897098 1e-05
HG00288 EUR 0.048319 0.021372 0.018142 0.912156 1e-05
HG00290 EUR 0.060647 0.012461 0.026239 0.900643 1e-05
HG00304 EUR 0.043936 0.028395 0.020336 0.907323 1e-05
HG00306 EUR 0.046316 0.01346 0.001654 0.93856 1e-05
HG00308 EUR 0.062347 0.001241 0.024116 0.912286 1e-05
HG00309 EUR 0.057615 0.016943 0.023034 0.902398 1e-05
HG00310 EUR 0.049812 0.011822 0.01008 0.928275 1e-05
HG00311 EUR 0.028826 0.003167 0.008931 0.959066 1e-05
HG00313 EUR 0.061212 0.005238 0.017589 0.915951 1e-05
HG00315 EUR 0.060186 0.00652 0.017237 0.916047 1e-05
HG00318 EUR 0.035946 0.021821 0.009746 0.932478 1e-05
HG00319 EUR 0.048297 0.011811 0.018353 0.921529 1e-05
HG00320 EUR 0.058076 0.00136 0.016804 0.92375 1e-05
HG00321 EUR 0.068332 1e-05 0.027885 0.903763 1e-05
HG00323 EUR 0.083253 0.008647 0.001138 0.906951 1e-05
HG00324 EUR 0.06404 1.2e-05 0.018832 0.917106 1e-05
HG00325 EUR 0.068962 1.2e-05 0.025551 0.905465 1e-05
HG00326 EUR 0.045658 1e-05 0.018434 0.935888 1e-05
HG00327 EUR 0.053242 0.006912 0.021188 0.918648 1e-05
HG00328 EUR 0.059945 1e-05 0.010363 0.929671 1e-05
HG00329 EUR 0.046311 0.015421 0.010808 0.927451 1e-05
HG00330 EUR 0.053968 0.012423 0.009349 0.924249 1e-05
HG00331 EUR 0.056162 1.2e-05 0.017854 0.925962 1e-05
HG00332 EUR 0.045612 0.013181 0.021359 0.919838 1e-05
HG00334 EUR 0.041599 0.001047 0.01715 0.940195 1e-05
HG00335 EUR 0.051593 1.2e-05 0.016269 0.932116 1e-05
HG00336 EUR 0.059569 0.019997 0.012077 0.908346 1e-05
HG00337 EUR 0.034691 1.2e-05 0.027834 0.937452 1e-05
HG00338 EUR 0.04784 0.009496 0.020421 0.922233 1e-05
HG00339 EUR 0.055149 0.007895 0.009507 0.927438 1e-05
HG00341 EUR 0.043537 0.040164 0.00982 0.90647 1e-05
HG00342 EUR 0.066524 0.010642 0.012646 0.910178 1e-05
HG00343 EUR 0.059238 1e-05 0.022165 0.918577 1e-05
HG00344 EUR 0.020994 0.013102 0.006591 0.959303 1e-05
HG00345 EUR 0.06659 0.004103 0.017425 0.911872 1e-05
HG00346 EUR 0.046175 0.006697 0.013131 0.933987 1e-05
HG00349 EUR 0.059415 1e-05 0.011475 0.92909 1e-05
HG00350 EUR 0.013133 0.024794 0.008968 0.953095 1e-05
HG00351 EUR 0.048707 1e-05 0.021674 0.929598 1e-05
HG00353 EUR 0.053036 0.003507 0.018775 0.924672 1e-05
HG00355 EUR 0.044144 0.015858 0.009419 0.93057 1e-05
HG00356 EUR 0.047968 1e-05 0.026747 0.925265 1e-05
HG00357 EUR 0.053904 0.010786 0.011668 0.923632 1e-05
HG00358 EUR 0.076388 1e-05 0.024923 0.89867 1e-05
HG00360 EUR 0.039703 0.012111 0.018832 0.929345 1e-05
HG00361 EUR 0.0647 1.2e-05 0.022073 0.913205 1e-05
HG00362 EUR 0.043681 0.022778 0.019291 0.914239 1e-05
HG00364 EUR 0.054889 1.2e-05 0.01659 0.928498 1e-05
HG00365 EUR 0.059691 0.007994 0.023326 0.908979 1e-05
HG00366 EUR 0.054527 0.021038 0.022097 0.902329 1e-05
HG00367 EUR 0.056981 0.016783 0.02138 0.904846 1e-05
HG00368 EUR 0.06855 0.004444 0.029861 0.897135 1e-05
HG00369 EUR 0.063153 0.004776 0.015915 0.916146 1e-05
HG00371 EUR 0.060637 0.0167 0.003445 0.919208 1e-05
HG00372 EUR 0.057229 0.00482 0.019089 0.918852 1e-05
HG00373 EUR 0.063811 0.002936 0.029807 0.903436 1e-05
HG00375 EUR 0.054149 0.008359 0.015612 0.92187 1e-05
HG00376 EUR 0.036622 0.006685 0.016556 0.940127 1e-05
HG00378 EUR 0.063393 1.2e-05 0.015 0.921584 1e-05
HG00379 EUR 0.040055 0.012172 0.022722 0.925041 1e-05
HG00380 EUR 0.043306 1e-05 0.002113 0.95456 1e-05
HG00381 EUR 0.055444 0.000237 0.011275 0.933034 1e-05
HG00382 EUR 0.064557 1e-05 0.027201 0.908222 1e-05
HG00383 EUR 0.065728 1e-05 0.018459 0.915793 1e-05
HG00384 EUR 0.054097 1e-05 0.019346 0.926537 1e-05
HG00403 EAS 0.99996 1e-05 1e-05 1e-05 1e-05
HG00404 EAS 0.99996 1e-05 1e-05 1e-05 1e-05
HG00406 EAS 0.99996 1e-05 1e-05 1e-05 1e-05
HG00407 EAS 0.99996 1e-05 1e-05 1e-05 1e-05
HG00409 EAS 0.99996 1e-05 1e-05 1e-05 1e-05
HG00410 EAS 0.99996 1e-05 1e-05 1e-05 1e-05
HG00419 EAS 0.99996 1e-05 1e-05 1e-05 1e-05
HG00421 EAS 0.99996 1e-05 1e-05 1e-05 1e-05
HG00422 EAS 0.99996 1e-05 1e-05 1e-05 1e-05
HG00428 EAS 0.99996 1e-05 1e-05 1e-05 1e-05
HG00436 EAS 0.99996 1e-05 1e-05 1e-05 1e-05
HG00437 EAS 0.99996 1e-05 1e-05 1e-05 1e-05
HG00442 EAS 0.99996 1e-05 1e-05 1e-05 1e-05
HG00443 EAS 0.99996 1e-05 1e-05 1e-05 1e-05
HG00445 EAS 0.99996 1e-05 1e-05 1e-05 1e-05
HG00446 EAS 0.99996 1e-05 1e-05 1e-05 1e-05
HG00448 EAS 0.99996 1e-05 1e-05 1e-05 1e-05
HG00449 EAS 0.99996 1e-05 1e-05 1e-05 1e-05
HG00451 EAS 0.99996 1e-05 1e-05 1e-05 1e-05
HG00452 EAS 0.99996 1e-05 1e-05 1e-05 1e-05
HG00457 EAS 0.99996 1e-05 1e-05 1e-05 1e-05
HG00458 EAS 0.99996 1e-05 1e-05 1e-05 1e-05
HG00463 EAS 0.99996 1e-05 1e-05 1e-05 1e-05
HG00464 EAS 0.99996 1e-05 1e-05 1e-05 1e-05
HG00472 EAS 0.99996 1e-05 1e-05 1e-05 1e-05
HG00473 EAS 0.99996 1e-05 1e-05 1e-05 1e-05
HG00475 EAS 0.99996 1e-05 1e-05 1e-05 1e-05
HG00476 EAS 0.99996 1e-05 1e-05 1e-05 1e-05
HG00478 EAS 0.99996 1e-05 1e-05 1e-05 1e-05
HG00479 EAS 0.99996 1e-05 1e-05 1e-05 1e-05
HG00500 EAS 0.99996 1e-05 1e-05 1e-05 1e-05
HG00513 EAS 0.99996 1e-05 1e-05 1e-05 1e-05
HG00524 EAS 0.99996 1e-05 1e-05 1e-05 1e-05
HG00525 EAS 0.99996 1e-05 1e-05 1e-05 1e-05
HG00530 EAS 0.99996 1e-05 1e-05 1e-05 1e-05
HG00531 EAS 0.99996 1e-05 1e-05 1e-05 1e-05
HG00533 EAS 0.99996 1e-05 1e-05 1e-05 1e-05
HG00534 EAS 0.99996 1e-05 1e-05 1e-05 1e-05
HG00536 EAS 0.99996 1e-05 1e-05 1e-05 1e-05
HG00537 EAS 0.99996 1e-05 1e-05 1e-05 1e-05
HG00542 EAS 0.99996 1e-05 1e-05 1e-05 1e-05
HG00543 EAS 0.99996 1e-05 1e-05 1e-05 1e-05
HG00551 AMR 0.027479 1e-05 0.10848 0.772901 0.091131
HG00553 AMR 0.011738 0.018083 0.152914 0.6214 0.195865
HG00554 AMR 0.006159 0.026472 0.091382 0.790303 0.085683
HG00556 EAS 0.99996 1e-05 1e-05 1e-05 1e-05
HG00557 EAS 0.99996 1e-05 1e-05 1e-05 1e-05
HG00559 EAS 0.99996 1e-05 1e-05 1e-05 1e-05
HG00560 EAS 0.99996 1e-05 1e-05 1e-05 1e-05
HG00565 EAS 0.99996 1e-05 1e-05 1e-05 1e-05
HG00566 EAS 0.99996 1e-05 1e-05 1e-05 1e-05
HG00580 EAS 0.99996 1e-05 1e-05 1e-05 1e-05
HG00581 EAS 0.99996 1e-05 1e-05 1e-05 1e-05
HG00583 EAS 0.99996 1e-05 1e-05 1e-05 1e-05
HG00584 EAS 0.99996 1e-05 1e-05 1e-05 1e-05
HG00589 EAS 0.99996 1e-05 1e-05 1e-05 1e-05
HG00590 EAS 0.997371 0.002599 1e-05 1e-05 1e-05
HG00592 EAS 0.983394 1e-05 0.003493 0.013092 1e-05
HG00593 EAS 0.99996 1e-05 1e-05 1e-05 1e-05
HG00595 EAS 0.99996 1e-05 1e-05 1e-05 1e-05
HG00596 EAS 0.99996 1e-05 1e-05 1e-05 1e-05
HG00598 EAS 0.99996 1e-05 1e-05 1e-05 1e-05
HG00599 EAS 0.99996 1e-05 1e-05 1e-05 1e-05
HG00607 EAS 0.99996 1e-05 1e-05 1e-05 1e-05
HG00608 EAS 0.99996 1e-05 1e-05 1e-05 1e-05
HG00610 EAS 0.99996 1e-05 1e-05 1e-05 1e-05
HG00611 EAS 0.99996 1e-05 1e-05 1e-05 1e-05
HG00613 EAS 0.99996 1e-05 1e-05 1e-05 1e-05
HG00614 EAS 0.99996 1e-05 1e-05 1e-05 1e-05
HG00619 EAS 0.99996 1e-05 1e-05 1e-05 1e-05
HG00620 EAS 0.99996 1e-05 1e-05 1e-05 1e-05
HG00622 EAS 0.99996 1e-05 1e-05 1e-05 1e-05
HG00623 EAS 0.99996 1e-05 1e-05 1e-05 1e-05
HG00625 EAS 0.99996 1e-05 1e-05 1e-05 1e-05
HG00626 EAS 0.99996 1e-05 1e-05 1e-05 1e-05
HG00628 EAS 0.99996 1e-05 1e-05 1e-05 1e-05
HG00629 EAS 0.99996 1e-05 1e-05 1e-05 1e-05
HG00631 EAS 0.99996 1e-05 1e-05 1e-05 1e-05
HG00632 EAS 0.99996 1e-05 1e-05 1e-05 1e-05
HG00634 EAS 0.99996 1e-05 1e-05 1e-05 1e-05
HG00637 AMR 0.021118 0.00856 0.101933 0.701072 0.167318
HG00638 AMR 0.01156 0.00977 0.121328 0.685879 0.171462
HG00640 AMR 0.000849 0.02564 0.088617 0.807761 0.077134
HG00641 AMR 0.003596 0.016987 0.137086 0.746552 0.095778
HG00650 EAS 0.99996 1e-05 1e-05 1e-05 1e-05
HG00651 EAS 0.99996 1e-05 1e-05 1e-05 1e-05
HG00653 EAS 0.99996 1e-05 1e-05 1e-05 1e-05
HG00654 EAS 0.99996 1e-05 1e-05 1e-05 1e-05
HG00656 EAS 0.99996 1e-05 1e-05 1e-05 1e-05
HG00657 EAS 0.99996 1e-05 1e-05 1e-05 1e-05
HG00662 EAS 0.99996 1e-05 1e-05 1e-05 1e-05
HG00663 EAS 0.99996 1e-05 1e-05 1e-05 1e-05
HG00671 EAS 0.99996 1e-05 1e-05 1e-05 1e-05
HG00672 EAS 0.99996 1e-05 1e-05 1e-05 1e-05
HG00674 EAS 0.99996 1e-05 1e-05 1e-05 1e-05
HG00675 EAS 0.99996 1e-05 1e-05 1e-05 1e-05
HG00683 EAS 0.99996 1e-05 1e-05 1e-05 1e-05
HG00684 EAS 0.99996 1e-05 1e-05 1e-05 1e-05
HG00689 EAS 0.99996 1e-05 1e-05 1e-05 1e-05
HG00690 EAS 0.99996 1e-05 1e-05 1e-05 1e-05
HG00692 EAS 0.99996 1e-05 1e-05 1e-05 1e-05
HG00693 EAS 0.99996 1e-05 1e-05 1e-05 1e-05
HG00698 EAS 0.99996 1e-05 1e-05 1e-05 1e-05
HG00699 EAS 0.99996 1e-05 1e-05 1e-05 1e-05
HG00701 EAS 0.99996 1e-05 1e-05 1e-05 1e-05
HG00704 EAS 0.99996 1e-05 1e-05 1e-05 1e-05
HG00705 EAS 0.99996 1e-05 1e-05 1e-05 1e-05
HG00707 EAS 0.99996 1e-05 1e-05 1e-05 1e-05
HG00708 EAS 0.99996 1e-05 1e-05 1e-05 1e-05
HG00717 EAS 0.99996 1e-05 1e-05 1e-05 1e-05
HG00728 EAS 0.99996 1e-05 1e-05 1e-05 1e-05
HG00729 EAS 0.99996 1e-05 1e-05 1e-05 1e-05
HG00731 AMR 0.005184 1e-05 0.067924 0.895105 0.031778
HG00732 AMR 0.008602 0.006928 0.107452 0.812994 0.064024
HG00734 AMR 0.014703 1e-05 0.174785 0.698766 0.111737
HG00736 AMR 0.014053 1e-05 0.087418 0.827677 0.070842
HG00737 AMR 0.015235 1e-05 0.085682 0.819437 0.079635
HG00739 AMR 1e-05 0.009912 0.046884 0.885538 0.057656
HG00740 AMR 0.016943 1e-05 0.130111 0.734943 0.117993
HG00742 AMR 0.010737 1e-05 0.047842 0.87724 0.06417
HG00743 AMR 0.01551 1e-05 0.192728 0.691466 0.100286
HG00759 EAS 0.99996 1e-05 1e-05 1e-05 1e-05
HG00766 EAS 0.99996 1e-05 1e-05 1e-05 1e-05
HG00844 EAS 0.999959 1.1e-05 1e-05 1e-05 1e-05
HG00851 EAS 0.99996 1e-05 1e-05 1e-05 1e-05
HG00864 EAS 0.995414 0.004556 1e-05 1e-05 1e-05
HG00867 EAS 0.99996 1e-05 1e-05 1e-05 1e-05
HG00879 EAS 0.99996 1e-05 1e-05 1e-05 1e-05
HG00881 EAS 0.99996 1e-05 1e-05 1e-05 1e-05
HG00956 EAS 0.996094 0.003876 1e-05 1e-05 1e-05
HG00978 EAS 0.99996 1e-05 1e-05 1e-05 1e-05
HG00982 EAS 0.99996 1e-05 1e-05 1e-05 1e-05
HG01028 EAS 0.99996 1e-05 1e-05 1e-05 1e-05
HG01029 EAS 0.99996 1e-05 1e-05 1e-05 1e-05
HG01031 EAS 0.99996 1e-05 1e-05 1e-05 1e-05
HG01046 EAS 0.999959 1.1e-05 1e-05 1e-05 1e-05
HG01047 AMR 0.008946 0.013942 0.082656 0.806821 0.087635
HG01048 AMR 0.005191 0.02631 0.121977 0.736851 0.109672
HG01049 AMR 0.009477 1e-05 0.113371 0.647108 0.230034
HG01051 AMR 0.012479 0.003914 0.162476 0.598701 0.22243
HG01052 AMR 0.011019 0.020721 0.155632 0.592196 0.220432
HG01054 AMR 0.014477 0.005012 0.133904 0.771685 0.074922
HG01055 AMR 0.008198 0.007136 0.093886 0.763429 0.12735
HG01058 AMR 0.011918 0.014713 0.125508 0.719616 0.128246
HG01060 AMR 0.002437 0.010738 0.098488 0.796826 0.09151
HG01061 AMR 0.015405 1e-05 0.117647 0.790689 0.076249
HG01063 AMR 0.015746 0.005632 0.109558 0.513197 0.355868
HG01064 AMR 0.017453 1e-05 0.102057 0.699226 0.181254
HG01066 AMR 0.017041 1e-05 0.108113 0.799993 0.074843
HG01067 AMR 0.017748 1e-05 0.118647 0.77444 0.089155
HG01069 AMR 0.009434 1e-05 0.13574 0.756408 0.098409
HG01070 AMR 0.012305 1e-05 0.12351 0.806402 0.057773
HG01072 AMR 0.010211 1e-05 0.125995 0.770364 0.09342
HG01073 AMR 0.023491 1e-05 0.119963 0.76477 0.091767
HG01075 AMR 0.007575 0.007393 0.042251 0.854517 0.088264
HG01077 AMR 0.018095 0.010992 0.148557 0.622559 0.199797
HG01079 AMR 0.008778 0.028578 0.115178 0.689166 0.1583
HG01080 AMR 0.019461 0.011854 0.173544 0.703951 0.091191
HG01082 AMR 0.019379 0.007674 0.128391 0.634856 0.209699
HG01083 AMR 0.009946 1e-05 0.14831 0.734819 0.106915
HG01085 AMR 0.004474 1e-05 0.11619 0.746709 0.132616
HG01086 AMR 0.018002 1e-05 0.160287 0.686129 0.135572
HG01088 AMR 0.014841 0.010504 0.096846 0.697538 0.180271
HG01089 AMR 0.014784 0.000439 0.124534 0.71142 0.148823
HG01092 AMR 0.017354 1e-05 0.105399 0.622918 0.25432
HG01094 AMR 0.015757 1e-05 0.097983 0.748016 0.138233
HG01095 AMR 0.006162 0.00181 0.114977 0.760134 0.116917
HG01097 AMR 0.014511 1e-05 0.134337 0.752838 0.098304
HG01098 AMR 0.021185 1e-05 0.111922 0.76004 0.106843
HG01101 AMR 0.012737 0.004597 0.142097 0.688409 0.152159
HG01102 AMR 0.006091 0.004334 0.111609 0.703674 0.174292
HG01104 AMR 0.016553 0.017546 0.103118 0.777682 0.0851
HG01105 AMR 0.000134 0.017155 0.072237 0.823532 0.086942
HG01107 AMR 0.015796 1e-05 0.096148 0.668719 0.219327
HG01108 AMR 0.002058 1e-05 0.055967 0.290652 0.651312
HG01110 AMR 0.019997 0.001663 0.121237 0.726477 0.130625
HG01111 AMR 0.006915 1e-05 0.123216 0.745531 0.124329
HG01112 AMR 0.011233 0.00059 0.060641 0.904206 0.02333
HG01113 AMR 0.029683 1e-05 0.251945 0.70131 0.017052
HG01119 AMR 0.006149 0.005237 0.113071 0.850118 0.025425
HG01121 AMR 0.023897 0.014863 0.265796 0.645642 0.049802
HG01122 AMR 0.009129 0.020341 0.191688 0.715442 0.063399
HG01124 AMR 0.011184 1e-05 0.26322 0.578269 0.147318
HG01125 AMR 0.024022 0.016247 0.221602 0.635395 0.102734
HG01130 AMR 0.015313 0.025446 0.216109 0.681419 0.061712
HG01131 AMR 0.018591 0.002751 0.228677 0.682249 0.067731
HG01133 AMR 0.009801 0.017171 0.12977 0.815219 0.028038
HG01134 AMR 0.009198 0.001539 0.198717 0.658014 0.132532
HG01136 AMR 0.00889 0.019039 0.234921 0.637923 0.099227
HG01137 AMR 0.017917 0.013715 0.312263 0.625427 0.030678
HG01139 AMR 0.019489 1e-05 0.261552 0.533057 0.185891
HG01140 AMR 0.018913 0.011959 0.235794 0.687086 0.046248
HG01142 AMR 0.031725 1e-05 0.315986 0.462151 0.190128
HG01148 AMR 0.01135 0.008721 0.225153 0.699191 0.055584
HG01149 AMR 0.037834 1e-05 0.385085 0.465448 0.111623
HG01161 AMR 0.006235 1e-05 0.14413 0.660254 0.189372
HG01162 AMR 0.009428 0.025816 0.141268 0.71271 0.110778
HG01164 AMR 0.008466 0.008368 0.106473 0.775197 0.101497
HG01167 AMR 0.007749 0.008417 0.119467 0.633908 0.23046
HG01168 AMR 0.007872 0.03659 0.047029 0.869002 0.039507
HG01170 AMR 0.004081 0.010632 0.140524 0.718166 0.126597
HG01171 AMR 0.019855 1e-05 0.117834 0.671071 0.19123
HG01173 AMR 0.016556 0.000874 0.032682 0.871907 0.07798
HG01174 AMR 0.00954 0.017321 0.101772 0.801418 0.069949
HG01176 AMR 0.014647 1e-05 0.138863 0.75013 0.096351
HG01177 AMR 0.019963 0.013621 0.157843 0.717867 0.090707
HG01182 AMR 0.010485 0.00956 0.135435 0.702399 0.14212
HG01183 AMR 0.010951 0.01453 0.139259 0.711706 0.123554
HG01187 AMR 0.018504 1e-05 0.21767 0.577768 0.186048
HG01188 AMR 0.018257 1e-05 0.179778 0.577984 0.223971
HG01190 AMR 0.022711 0.00771 0.193576 0.613739 0.162265
HG01191 AMR 0.011649 0.01763 0.165656 0.708068 0.096997
HG01197 AMR 0.015187 1e-05 0.12347 0.782866 0.078466
HG01198 AMR 0.022148 1e-05 0.120019 0.664529 0.193295
HG01200 AMR 0.015074 0.010866 0.070534 0.856663 0.046862
HG01204 AMR 0.013758 0.015449 0.110637 0.744892 0.115264
HG01205 AMR 0.005274 0.010863 0.097758 0.76564 0.120464
HG01241 AMR 0.004081 0.009444 0.063249 0.240908 0.682318
HG01242 AMR 0.003277 0.028484 0.048369 0.414432 0.505439
HG01247 AMR 0.028831 1e-05 0.139891 0.630211 0.201057
HG01248 AMR 0.018367 0.016694 0.091644 0.754612 0.118684
HG01250 AMR 0.025756 0.006816 0.265847 0.620366 0.081215
HG01251 AMR 0.026105 1e-05 0.229743 0.714004 0.030139
HG01253 AMR 0.020296 1e-05 0.19964 0.727236 0.052818
HG01254 AMR 0.024019 1e-05 0.256957 0.541039 0.177975
HG01256 AMR 0.019704 1e-05 0.143276 0.822179 0.014831
HG01257 AMR 0.00518 0.002623 0.263487 0.707591 0.021118
HG01259 AMR 0.013303 1e-05 0.107818 0.841955 0.036914
HG01260 AMR 0.034278 0.006093 0.258916 0.565678 0.135035
HG01269 AMR 0.019799 1e-05 0.222942 0.67965 0.077599
HG01271 AMR 0.00788 0.009825 0.217802 0.673527 0.090966
HG01272 AMR 0.019246 0.003547 0.276152 0.515745 0.18531
HG01275 AMR 0.001365 0.017578 0.023263 0.949976 0.007818
HG01277 AMR 0.027382 1e-05 0.306639 0.64793 0.018039
HG01280 AMR 0.014931 0.001703 0.244275 0.708998 0.030093
HG01281 AMR 0.01646 0.006041 0.219505 0.725803 0.032191
HG01284 AMR 0.018453 0.009197 0.181667 0.715479 0.075204
HG01286 AMR 0.006304 1e-05 0.120373 0.622534 0.250779
HG01302 AMR 0.00777 0.018089 0.157555 0.689636 0.12695
HG01303 AMR 0.025346 0.013152 0.163937 0.672982 0.124583
HG01305 AMR 0.015426 0.00107 0.153735 0.665221 0.164549
HG01308 AMR 0.012645 1e-05 0.129842 0.613418 0.244085
HG01311 AMR 0.013391 1e-05 0.073396 0.80762 0.105583
HG01312 AMR 0.010645 0.003128 0.126828 0.725157 0.134242
HG01323 AMR 0.018222 0.007359 0.129541 0.723083 0.121795
HG01325 AMR 0.000767 0.009287 0.079761 0.756343 0.153842
HG01326 AMR 0.010172 1e-05 0.161492 0.717244 0.111082
HG01334 EUR 1.2e-05 0.012596 1e-05 0.987372 1e-05
HG01341 AMR 0.0314 0.021238 0.530058 0.399927 0.017378
HG01342 AMR 0.023794 1e-05 0.201887 0.413919 0.360389
HG01344 AMR 0.022043 0.004223 0.36377 0.574915 0.035049
HG01345 AMR 0.005832 0.020817 0.197318 0.715496 0.060537
HG01348 AMR 0.031276 1e-05 0.335125 0.579066 0.054523
HG01350 AMR 0.024135 0.009362 0.327564 0.559406 0.079533
HG01351 AMR 0.021525 1e-05 0.242911 0.709791 0.025763
HG01353 AMR 0.019705 0.007013 0.162839 0.782005 0.028439
HG01354 AMR 0.013145 1e-05 0.126277 0.83325 0.027318
HG01356 AMR 0.018352 0.008724 0.264244 0.641408 0.067272
HG01357 AMR 0.027623 1e-05 0.263697 0.69356 0.01511
HG01359 AMR 0.021155 0.007327 0.216535 0.704497 0.050486
HG01360 AMR 0.02752 0.004806 0.206701 0.696072 0.064901
HG01362 AMR 0.012878 0.01378 0.212227 0.626265 0.13485
HG01363 AMR 0.039988 1e-05 0.265924 0.514592 0.179486
HG01365 AMR 0.016102 0.01073 0.243291 0.584385 0.145492
HG01366 AMR 0.019298 1e-05 0.226824 0.640319 0.113549
HG01369 AMR 0.027081 0.013052 0.453625 0.377245 0.128997
HG01372 AMR 0.018623 0.001531 0.278873 0.65862 0.042355
HG01374 AMR 0.018927 1e-05 0.220012 0.736805 0.024246
HG01375 AMR 0.019153 1e-05 0.272487 0.55514 0.15321
HG01377 AMR 0.025431 1e-05 0.270833 0.603881 0.099845
HG01378 AMR 0.034688 0.006316 0.327529 0.585756 0.045712
HG01383 AMR 0.010594 0.021294 0.208929 0.723233 0.03595
HG01384 AMR 0.02435 1e-05 0.204829 0.706385 0.064426
HG01389 AMR 0.005532 0.021486 0.118075 0.800788 0.054119
HG01390 AMR 0.010923 0.014442 0.26687 0.425585 0.28218
HG01392 AMR 0.021071 0.002792 0.160178 0.644564 0.171395
HG01393 AMR 0.016903 1e-05 0.120605 0.642803 0.219679
HG01395 AMR 0.015168 1e-05 0.118956 0.778021 0.087845
HG01396 AMR 0.005432 0.013697 0.181438 0.623991 0.175443
HG01398 AMR 0.020132 0.007388 0.129373 0.67502 0.168087
HG01402 AMR 0.027864 1e-05 0.154504 0.644476 0.173146
HG01403 AMR 0.023568 1e-05 0.140833 0.654315 0.181274
HG01405 AMR 0.021812 1e-05 0.085545 0.77281 0.119823
HG01412 AMR 0.012678 1e-05 0.184277 0.704053 0.098982
HG01413 AMR 0.002256 0.002533 0.169677 0.673531 0.152003
HG01414 AMR 0.021909 0.001506 0.135647 0.691977 0.14896
HG01431 AMR 0.026479 0.004387 0.241336 0.620195 0.107603
HG01432 AMR 0.027466 0.017013 0.203412 0.717117 0.034992
HG01435 AMR 0.031633 0.009152 0.458091 0.451145 0.049979
HG01437 AMR 0.017585 0.00051 0.095111 0.865278 0.021515
HG01438 AMR 0.005146 0.002363 0.03135 0.937874 0.023267
HG01440 AMR 0.022584 1e-05 0.197816 0.608578 0.171012
HG01441 AMR 0.038097 0.009637 0.346194 0.583614 0.022458
HG01443 AMR 0.028665 0.00162 0.512807 0.401973 0.054935
HG01444 AMR 0.030252 0.00185 0.239431 0.625101 0.103366
HG01447 AMR 0.021938 0.009559 0.209784 0.683105 0.075614
HG01455 AMR 0.028646 1e-05 0.355715 0.570834 0.044796
HG01456 AMR 0.03757 0.004103 0.336735 0.56579 0.055802
HG01459 AMR 0.015844 1e-05 0.37475 0.566502 0.042894
HG01461 AMR 0.02258 0.016187 0.341189 0.436264 0.183781
HG01462 AMR 0.035501 0.001046 0.283222 0.392789 0.287442
HG01464 AMR 0.027533 1e-05 0.275638 0.506286 0.190534
HG01465 AMR 0.020023 1e-05 0.148052 0.805844 0.02607
HG01468 AMR 0.014724 0.000962 0.159739 0.796178 0.028397
HG01474 AMR 0.001636 1e-05 0.133436 0.839419 0.025499
HG01479 AMR 0.010629 1e-05 0.10658 0.848037 0.034745
HG01485 AMR 0.022672 0.009382 0.236492 0.366853 0.364602
HG01486 AMR 0.033019 1e-05 0.316876 0.610856 0.039238
HG01488 AMR 0.001337 0.011237 0.126626 0.708938 0.151862
HG01489 AMR 0.012345 0.003506 0.100887 0.8615 0.021761
HG01491 AMR 0.013911 1e-05 0.131441 0.831056 0.023582
HG01492 AMR 0.009736 0.019219 0.183852 0.754924 0.032268
HG01494 AMR 0.028297 0.0158 0.378754 0.478207 0.098943
HG01495 AMR 0.034929 1e-05 0.337213 0.499619 0.128229
HG01497 AMR 0.024161 1e-05 0.326922 0.59681 0.052097
HG01498 AMR 0.021545 0.007046 0.304813 0.610034 0.056561
HG01500 EUR 0.00125 0.009168 1e-05 0.961004 0.028568
HG01501 EUR 1e-05 0.008368 1e-05 0.962797 0.028814
HG01503 EUR 1e-05 0.008731 1e-05 0.97584 0.015409
HG01504 EUR 1e-05 0.01081 1e-05 0.967403 0.021768
HG01506 EUR 1e-05 1e-05 1e-05 0.974457 0.025513
HG01507 EUR 1e-05 1.2e-05 1e-05 0.976587 0.023381
HG01509 EUR 1e-05 1e-05 1e-05 0.970959 0.029011
HG01510 EUR 1e-05 1.1e-05 1e-05 0.981328 0.018641
HG01512 EUR 1e-05 0.006476 1e-05 0.991749 0.001754
HG01513 EUR 1e-05 1e-05 1e-05 0.989185 0.010785
HG01515 EUR 1e-05 1e-05 1e-05 0.99996 1e-05
HG01516 EUR 1e-05 1e-05 1e-05 0.99996 1e-05
HG01518 EUR 1e-05 1e-05 1e-05 0.99996 1e-05
HG01519 EUR 1e-05 1.1e-05 1e-05 0.999959 1e-05
HG01521 EUR 1e-05 1e-05 1e-05 0.99996 1e-05
HG01522 EUR 1e-05 1e-05 1e-05 0.99996 1e-05
HG01524 EUR 1e-05 1e-05 1e-05 0.984858 0.015112
HG01525 EUR 1e-05 1e-05 1e-05 0.973654 0.026316
HG01527 EUR 1e-05 1e-05 1e-05 0.962763 0.037207
HG01528 EUR 1e-05 1.2e-05 1e-05 0.975941 0.024027
HG01530 EUR 1e-05 1e-05 1e-05 0.974567 0.025403
HG01531 EUR 1e-05 0.001131 1e-05 0.973114 0.025735
HG01536 EUR 1e-05 1.2e-05 1e-05 0.98739 0.012578
HG01537 EUR 1e-05 1e-05 1e-05 0.989085 0.010885
HG01550 AMR 0.017532 1e-05 0.192771 0.722474 0.067212
HG01551 AMR 0.010508 0.009195 0.208754 0.37982 0.391724
HG01556 AMR 0.027645 0.01857 0.290545 0.437665 0.225576
HG01565 AMR 0.023952 0.004328 0.641351 0.315338 0.015031
HG01566 AMR 0.012225 0.020289 0.412275 0.522835 0.032376
HG01571 AMR 0.016966 0.006184 0.610105 0.348909 0.017835
HG01572 AMR 0.016508 0.00457 0.916708 0.060576 0.001638
HG01577 AMR 0.007278 0.016252 0.383164 0.500152 0.093154
HG01578 AMR 0.010199 1e-05 0.553662 0.401504 0.034626
HG01583 SAS 1e-05 0.7936 1e-05 0.20637 1e-05
HG01586 SAS 1e-05 0.774314 0.000142 0.225524 1e-05
HG01589 SAS 1e-05 0.751001 1e-05 0.248969 1e-05
HG01593 SAS 1e-05 0.734393 1e-05 0.265577 1e-05
HG01595 EAS 0.988991 0.010979 1e-05 1e-05 1e-05
HG01596 EAS 0.95144 0.04853 1e-05 1e-05 1e-05
HG01597 EAS 0.973958 0.026012 1e-05 1e-05 1e-05
HG01598 EAS 0.974298 0.025672 1e-05 1e-05 1e-05
HG01599 EAS 0.976544 0.023426 1e-05 1e-05 1e-05
HG01600 EAS 0.99996 1e-05 1e-05 1e-05 1e-05
HG01602 EUR 1e-05 0.002314 1e-05 0.975351 0.022315
HG01603 EUR 1e-05 0.000149 1e-05 0.976746 0.023085
HG01605 EUR 1e-05 0.000124 1e-05 0.987325 0.012531
HG01606 EUR 1e-05 1e-05 1e-05 0.984786 0.015184
HG01607 EUR 1e-05 0.008831 1e-05 0.973537 0.017611
HG01608 EUR 1e-05 1e-05 1e-05 0.980471 0.019499
HG01610 EUR 1e-05 1e-05 1e-05 0.97954 0.02043
HG01612 EUR 1e-05 1.2e-05 1e-05 0.971819 0.028149
HG01613 EUR 1e-05 0.003626 1e-05 0.984825 0.011529
HG01615 EUR 1e-05 0.013832 1e-05 0.976862 0.009286
HG01617 EUR 1e-05 0.009137 1e-05 0.970684 0.020159
HG01618 EUR 0.001129 0.001548 0.006664 0.974251 0.016408
HG01619 EUR 1e-05 6e-04 1e-05 0.982363 0.017017
HG01620 EUR 1e-05 1e-05 1e-05 0.978673 0.021297
HG01623 EUR 1e-05 1.3e-05 1e-05 0.977769 0.022198
HG01624 EUR 1e-05 0.006836 1e-05 0.970726 0.022419
HG01625 EUR 0.002712 0.010082 1e-05 0.973226 0.013969
HG01626 EUR 1e-05 0.016762 1e-05 0.959442 0.023776
HG01628 EUR 1e-05 0.000129 1e-05 0.92816 0.071691
HG01630 EUR 1e-05 0.008444 1e-05 0.943661 0.047875
HG01631 EUR 1e-05 0.012709 1e-05 0.981349 0.005922
HG01632 EUR 1e-05 0.002201 1e-05 0.983567 0.014212
HG01668 EUR 1e-05 0.020055 1e-05 0.946411 0.033514
HG01669 EUR 1e-05 1.1e-05 1e-05 0.951046 0.048923
HG01670 EUR 1e-05 0.010145 1e-05 0.975647 0.014188
HG01672 EUR 1e-05 0.00614 1e-05 0.979747 0.014093
HG01673 EUR 1e-05 1e-05 1e-05 0.989867 0.010103
HG01675 EUR 1.3e-05 0.004205 1e-05 0.992221 0.003551
HG01676 EUR 1e-05 1e-05 1e-05 0.990572 0.009398
HG01678 EUR 1e-05 1.1e-05 1e-05 0.988317 0.011652
HG01679 EUR 1e-05 1e-05 1e-05 0.989365 0.010605
HG01680 EUR 1e-05 1e-05 1e-05 0.99102 0.00895
HG01682 EUR 1e-05 1.3e-05 1e-05 0.995437 0.00453
HG01684 EUR 1e-05 0.000883 1e-05 0.991771 0.007325
HG01685 EUR 1e-05 1.2e-05 1e-05 0.973048 0.02692
HG01686 EUR 1e-05 1.3e-05 1e-05 0.980891 0.019076
HG01694 EUR 1e-05 0.000861 1e-05 0.943117 0.056002
HG01695 EUR 1e-05 0.006279 1e-05 0.936531 0.05717
HG01697 EUR 1e-05 1.2e-05 1e-05 0.966518 0.033449
HG01699 EUR 1e-05 0.005177 1e-05 0.96946 0.025343
HG01700 EUR 1e-05 1e-05 1e-05 0.99996 1e-05
HG01702 EUR 1e-05 1e-05 1e-05 0.99996 1e-05
HG01704 EUR 1.2e-05 0.007181 1e-05 0.957643 0.035154
HG01705 EUR 1e-05 0.005068 1e-05 0.969919 0.024993
HG01707 EUR 1e-05 1.3e-05 1e-05 0.977072 0.022895
HG01708 EUR 1e-05 0.008403 1e-05 0.966446 0.025131
HG01709 EUR 1e-05 1.3e-05 1e-05 0.97 0.029967
HG01710 EUR 1e-05 0.004511 1e-05 0.971067 0.024402
HG01746 EUR 1e-05 1e-05 1e-05 0.990023 0.009947
HG01747 EUR 1e-05 0.000215 1e-05 0.990676 0.009089
HG01756 EUR 1e-05 0.008539 1e-05 0.972706 0.018734
HG01757 EUR 1e-05 0.004929 1e-05 0.96646 0.028591
HG01761 EUR 1e-05 1e-05 1e-05 0.985781 0.014189
HG01762 EUR 1e-05 0.009737 1e-05 0.98514 0.005103
HG01765 EUR 1e-05 1e-05 1e-05 0.981173 0.018797
HG01766 EUR 1e-05 0.009253 1e-05 0.960048 0.030679
HG01767 EUR 1e-05 1e-05 1e-05 0.975394 0.024576
HG01768 EUR 1e-05 0.002226 1e-05 0.969758 0.027995
HG01770 EUR 1e-05 1.3e-05 1e-05 0.98412 0.015847
HG01771 EUR 1.3e-05 0.000547 1e-05 0.990481 0.008949
HG01773 EUR 1e-05 1.3e-05 1e-05 0.990292 0.009675
HG01775 EUR 1e-05 1e-05 1e-05 0.990777 0.009193
HG01776 EUR 1e-05 0.006807 1e-05 0.98838 0.004792
HG01777 EUR 1e-05 0.008596 1e-05 0.989858 0.001527
HG01779 EUR 1e-05 1e-05 1e-05 0.997405 0.002565
HG01781 EUR 1e-05 1e-05 1e-05 0.987629 0.012341
HG01783 EUR 1e-05 1e-05 1e-05 0.982744 0.017226
HG01784 EUR 1e-05 0.006576 1e-05 0.974594 0.01881
HG01785 EUR 1e-05 1.4e-05 1e-05 0.997102 0.002864
HG01786 EUR 1e-05 0.004983 1e-05 0.988171 0.006826
HG01789 EUR 1e-05 1e-05 1e-05 0.99996 1e-05
HG01790 EUR 1e-05 0.023843 1e-05 0.976127 1e-05
HG01791 EUR 1e-05 0.011786 1e-05 0.988184 1e-05
HG01794 EAS 0.99996 1e-05 1e-05 1e-05 1e-05
HG01795 EAS 0.99996 1e-05 1e-05 1e-05 1e-05
HG01796 EAS 0.99996 1e-05 1e-05 1e-05 1e-05
HG01797 EAS 0.99996 1e-05 1e-05 1e-05 1e-05
HG01798 EAS 0.999959 1.1e-05 1e-05 1e-05 1e-05
HG01799 EAS 0.99996 1e-05 1e-05 1e-05 1e-05
HG01800 EAS 0.99996 1e-05 1e-05 1e-05 1e-05
HG01801 EAS 0.99996 1e-05 1e-05 1e-05 1e-05
HG01802 EAS 0.99996 1e-05 1e-05 1e-05 1e-05
HG01804 EAS 0.99996 1e-05 1e-05 1e-05 1e-05
HG01805 EAS 0.99996 1e-05 1e-05 1e-05 1e-05
HG01806 EAS 0.99996 1e-05 1e-05 1e-05 1e-05
HG01807 EAS 0.997345 0.002625 1e-05 1e-05 1e-05
HG01808 EAS 0.99996 1e-05 1e-05 1e-05 1e-05
HG01809 EAS 0.99996 1e-05 1e-05 1e-05 1e-05
HG01810 EAS 0.99996 1e-05 1e-05 1e-05 1e-05
HG01811 EAS 0.99996 1e-05 1e-05 1e-05 1e-05
HG01812 EAS 0.99996 1e-05 1e-05 1e-05 1e-05
HG01813 EAS 0.99996 1e-05 1e-05 1e-05 1e-05
HG01815 EAS 0.99996 1e-05 1e-05 1e-05 1e-05
HG01816 EAS 0.99996 1e-05 1e-05 1e-05 1e-05
HG01817 EAS 0.99996 1e-05 1e-05 1e-05 1e-05
HG01840 EAS 0.986715 0.013255 1e-05 1e-05 1e-05
HG01841 EAS 0.985082 0.014888 1e-05 1e-05 1e-05
HG01842 EAS 0.974222 0.025748 1e-05 1e-05 1e-05
HG01843 EAS 0.987259 0.012711 1e-05 1e-05 1e-05
HG01844 EAS 0.980939 0.019031 1e-05 1e-05 1e-05
HG01845 EAS 0.98112 0.018727 1e-05 1e-05 0.000133
HG01846 EAS 0.967851 0.032119 1e-05 1e-05 1e-05
HG01847 EAS 0.974243 0.025727 1e-05 1e-05 1e-05
HG01848 EAS 0.979001 0.020969 1e-05 1e-05 1e-05
HG01849 EAS 0.965067 0.034903 1e-05 1e-05 1e-05
HG01850 EAS 0.967982 0.031988 1e-05 1e-05 1e-05
HG01851 EAS 0.993285 0.006685 1e-05 1e-05 1e-05
HG01852 EAS 0.972077 0.027893 1e-05 1e-05 1e-05
HG01853 EAS 0.981263 0.018707 1e-05 1e-05 1e-05
HG01855 EAS 0.971268 0.028702 1e-05 1e-05 1e-05
HG01857 EAS 0.980849 0.019121 1e-05 1e-05 1e-05
HG01858 EAS 0.978865 0.021105 1e-05 1e-05 1e-05
HG01859 EAS 0.995109 0.004861 1e-05 1e-05 1e-05
HG01860 EAS 0.985476 0.014494 1e-05 1e-05 1e-05
HG01861 EAS 0.974029 0.025941 1e-05 1e-05 1e-05
HG01862 EAS 0.976745 0.023225 1e-05 1e-05 1e-05
HG01863 EAS 0.99996 1e-05 1e-05 1e-05 1e-05
HG01864 EAS 0.982335 0.017635 1e-05 1e-05 1e-05
HG01865 EAS 0.986831 0.013136 1e-05 1.3e-05 1e-05
HG01866 EAS 0.979362 0.020608 1e-05 1e-05 1e-05
HG01867 EAS 0.967905 0.032065 1e-05 1e-05 1e-05
HG01868 EAS 0.976051 0.023919 1e-05 1e-05 1e-05
HG01869 EAS 0.988131 0.011839 1e-05 1e-05 1e-05
HG01870 EAS 0.995986 0.003984 1e-05 1e-05 1e-05
HG01871 EAS 0.97481 0.02516 1e-05 1e-05 1e-05
HG01872 EAS 0.985426 0.014544 1e-05 1e-05 1e-05
HG01873 EAS 0.983166 0.016804 1e-05 1e-05 1e-05
HG01874 EAS 0.982376 0.017594 1e-05 1e-05 1e-05
HG01878 EAS 0.976766 0.023204 1e-05 1e-05 1e-05
HG01879 AFR 0.004982 0.00831 1e-05 0.146418 0.840279
HG01880 AFR 0.044792 0.344964 1e-05 0.057588 0.552647
HG01882 AFR 0.00287 0.006 1e-05 0.031608 0.959512
HG01883 AFR 1e-05 0.000669 1e-05 0.136888 0.862424
HG01885 AFR 1e-05 0.003517 1e-05 0.05534 0.941122
HG01886 AFR 1e-05 0.000834 1e-05 0.114584 0.884562
HG01889 AFR 1e-05 1e-05 1e-05 0.032245 0.967725
HG01890 AFR 1e-05 1e-05 1e-05 0.124886 0.875084
HG01892 AMR 0.019563 0.005358 0.655996 0.221277 0.097806
HG01893 AMR 0.019548 0.00341 0.50664 0.317991 0.152411
HG01894 AFR 1e-05 0.004131 1e-05 0.084812 0.911037
HG01896 AFR 1e-05 0.011233 1e-05 0.023731 0.965016
HG01912 AFR 1e-05 0.01028 1e-05 0.089558 0.900142
HG01914 AFR 0.00407 0.000623 1e-05 0.144384 0.850913
HG01915 AFR 1e-05 0.009546 1e-05 0.061673 0.928761
HG01917 AMR 0.011478 0.003213 0.806516 0.148125 0.030668
HG01918 AMR 0.009219 0.018046 0.729243 0.231052 0.01244
HG01920 AMR 0.022044 1e-05 0.937066 0.038809 0.002072
HG01921 AMR 0.02836 1e-05 0.697477 0.261331 0.012823
HG01923 AMR 0.021506 0.004967 0.90236 0.064524 0.006643
HG01924 AMR 0.085003 1e-05 0.622338 0.154266 0.138382
HG01926 AMR 0.027428 0.006098 0.945569 0.01856 0.002345
HG01927 AMR 0.022995 0.015385 0.894632 0.066978 1e-05
HG01932 AMR 0.009248 0.02784 0.745462 0.213482 0.003968
HG01933 AMR 0.062921 0.002918 0.584289 0.2242 0.125673
HG01935 AMR 0.008463 0.003275 0.685514 0.288066 0.014683
HG01936 AMR 0.009376 0.010771 0.60731 0.315985 0.056558
HG01938 AMR 0.025903 0.008866 0.942661 0.022533 3.7e-05
HG01939 AMR 0.005479 0.001662 0.732847 0.233615 0.026396
HG01941 AMR 0.023303 0.008738 0.751586 0.134525 0.081846
HG01942 AMR 0.019686 0.005803 0.789115 0.170037 0.015358
HG01944 AMR 0.392431 1e-05 0.470643 0.118241 0.018675
HG01945 AMR 0.005842 0.019467 0.74058 0.213673 0.020438
HG01947 AMR 0.035953 0.002998 0.554094 0.358432 0.048525
HG01948 AMR 0.078696 0.007595 0.587671 0.125539 0.200499
HG01950 AMR 0.030851 0.003294 0.786166 0.099806 0.079883
HG01951 AMR 0.036806 0.010112 0.90042 0.024225 0.028436
HG01953 AMR 0.018179 0.010279 0.846393 0.104151 0.020998
HG01954 AMR 0.024821 0.007877 0.865363 0.08942 0.012518
HG01956 AFR 0.001043 1e-05 5.7e-05 0.07329 0.925601
HG01958 AFR 1.3e-05 0.012832 1e-05 0.124953 0.862192
HG01961 AMR 0.022662 0.022323 0.950811 0.004195 1e-05
HG01965 AMR 0.035163 0.004535 0.535569 0.311375 0.113358
HG01967 AMR 0.019156 1e-05 0.582887 0.376699 0.021248
HG01968 AMR 0.030032 0.002585 0.912258 0.048296 0.00683
HG01970 AMR 0.012364 0.018835 0.622257 0.32895 0.017594
HG01971 AMR 0.005024 0.003784 0.519916 0.278097 0.193179
HG01973 AMR 0.017551 0.003986 0.754188 0.173811 0.050464
HG01974 AMR 0.036515 0.000621 0.904993 0.051334 0.006536
HG01976 AMR 0.013911 0.009675 0.637862 0.316093 0.022459
HG01977 AMR 0.007061 0.019745 0.742494 0.21868 0.012019
HG01979 AMR 0.011258 0.015252 0.666944 0.280946 0.0256
HG01980 AMR 1e-05 0.02471 0.672683 0.251501 0.051096
HG01982 AMR 0.015345 0.00852 0.733873 0.224423 0.017839
HG01985 AFR 1e-05 0.001438 1e-05 0.077653 0.92089
HG01986 AFR 1e-05 1e-05 1e-05 0.12867 0.8713
HG01988 AFR 1e-05 0.00646 1e-05 0.426993 0.566527
HG01989 AFR 1.9e-05 0.017409 1e-05 0.141529 0.841034
HG01990 AFR 0.004903 0.000249 1e-05 0.066989 0.927849
HG01991 AMR 0.016458 0.005949 0.687616 0.248463 0.041514
HG01992 AMR 0.037318 0.009199 0.836917 0.114299 0.002268
HG01997 AMR 0.024984 1e-05 0.832832 0.134274 0.007899
HG02002 AMR 0.021941 0.017431 0.726824 0.219659 0.014145
HG02003 AMR 0.011722 0.016235 0.779636 0.173316 0.019091
HG02006 AMR 0.005357 0.00038 0.278068 0.28509 0.431104
HG02008 AMR 0.026622 0.012588 0.783671 0.156305 0.020814
HG02009 AFR 1e-05 0.006749 1e-05 0.139847 0.853384
HG02010 AFR 0.001197 0.006043 1e-05 0.148073 0.844677
HG02012 AFR 1e-05 1e-05 1e-05 0.080456 0.919514
HG02013 AFR 1.8e-05 0.003861 1e-05 0.026228 0.969883
HG02014 AFR 1e-05 0.009345 1e-05 0.117716 0.872919
HG02016 EAS 0.891007 0.108963 1e-05 1e-05 1e-05
HG02017 EAS 0.96199 0.03798 1e-05 1e-05 1e-05
HG02019 EAS 0.98126 0.01871 1e-05 1e-05 1e-05
HG02020 EAS 0.982117 0.017853 1e-05 1e-05 1e-05
HG02023 EAS 0.98706 0.01291 1e-05 1e-05 1e-05
HG02025 EAS 0.991344 0.008626 1e-05 1e-05 1e-05
HG02026 EAS 0.993904 0.006066 1e-05 1e-05 1e-05
HG02028 EAS 0.989033 0.010937 1e-05 1e-05 1e-05
HG02029 EAS 0.99996 1e-05 1e-05 1e-05 1e-05
HG02031 EAS 0.984601 0.015369 1e-05 1e-05 1e-05
HG02032 EAS 0.989035 0.010935 1e-05 1e-05 1e-05
HG02035 EAS 0.971734 0.028236 1e-05 1e-05 1e-05
HG02040 EAS 0.983095 0.016875 1e-05 1e-05 1e-05
HG02047 EAS 0.975586 0.024384 1e-05 1e-05 1e-05
HG02048 EAS 0.96701 0.03296 1e-05 1e-05 1e-05
HG02049 EAS 0.975871 0.024096 1.3e-05 1e-05 1e-05
HG02050 EAS 0.990272 0.009698 1e-05 1e-05 1e-05
HG02051 AFR 6.3e-05 0.000809 1e-05 0.023379 0.97574
HG02052 AFR 1e-05 0.002145 1e-05 0.028918 0.968916
HG02053 AFR 1e-05 0.007075 1e-05 0.058768 0.934137
HG02054 AFR 1e-05 1e-05 1e-05 0.128769 0.871201
HG02057 EAS 0.974187 0.025779 1.4e-05 1e-05 1e-05
HG02058 EAS 0.9402 0.05977 1e-05 1e-05 1e-05
HG02060 EAS 0.991474 0.008496 1e-05 1e-05 1e-05
HG02061 EAS 0.970319 0.029651 1e-05 1e-05 1e-05
HG02064 EAS 0.991065 0.008905 1e-05 1e-05 1e-05
HG02067 EAS 0.974641 0.025329 1e-05 1e-05 1e-05
HG02069 EAS 0.967233 0.032737 1e-05 1e-05 1e-05
HG02070 EAS 0.980661 0.019309 1e-05 1e-05 1e-05
HG02072 EAS 0.976324 0.023646 1e-05 1e-05 1e-05
HG02073 EAS 0.983443 0.016527 1e-05 1e-05 1e-05
HG02075 EAS 0.974985 0.024985 1e-05 1e-05 1e-05
HG02076 EAS 0.998035 0.001935 1e-05 1e-05 1e-05
HG02078 EAS 0.991812 0.008158 1e-05 1e-05 1e-05
HG02079 EAS 0.986273 0.013697 1e-05 1e-05 1e-05
HG02081 EAS 0.982327 0.017643 1e-05 1e-05 1e-05
HG02082 EAS 0.986501 0.013469 1e-05 1e-05 1e-05
HG02084 EAS 0.978629 0.021341 1e-05 1e-05 1e-05
HG02085 EAS 0.969683 0.030287 1e-05 1e-05 1e-05
HG02086 EAS 0.980474 0.019496 1e-05 1e-05 1e-05
HG02087 EAS 0.982659 0.017311 1e-05 1e-05 1e-05
HG02088 EAS 0.989949 0.010021 1e-05 1e-05 1e-05
HG02089 AMR 0.00714 0.011294 0.610744 0.333953 0.036869
HG02090 AMR 0.003387 0.022616 0.51279 0.309011 0.152196
HG02095 AFR 1e-05 0.002201 1e-05 0.065457 0.932322
HG02102 AMR 0.015522 0.008564 0.783724 0.169958 0.022233
HG02104 AMR 0.020999 0.003115 0.849495 0.122108 0.004284
